100022315254 -> 1036390964270950646 11 | 26 47 -> 416 752
100150960561 -> 20829248427549105 11 | -4 -61 -> -64 -976
100150960561 -> 36873322100056497 11 | -6 -63 -> -96 -1008
100150960561 -> 74872443955995057 11 | -6 -66 -> -96 -1056
100150960561 -> 136796938832339377 11 | -5 -66 -> -80 -1056
100150960561 -> 194217834081313201 11 | -5 -63 -> -80 -1008
100345492994 -> 146367088235034114 11 | 44 26 -> 704 416
100410097983 -> 21955148593529151 11 | 37 -36 -> 592 -576
100555568535 -> 271623453081351575 11 | 51 -33 -> 816 -528
100567703415 -> 256986754304532343 11 | 10 48 -> 160 768
100632431910 -> 346777271939960102 11 | 47 6 -> 752 96
100727970734 -> 3128594466866912174 11 | -6 -48 -> -96 -768
100901710775 -> 80220469264247735 11 | -52 -12 -> -832 -192
100901710775 -> 1420885783337102263 11 | -53 -14 -> -848 -224
101554854372 -> 103301418007665124 11 | 64 17 -> 1024 272
101556803008 -> 202943559765185984 11 | 49 -50 -> 784 -800
101842332555 -> 284571303296805771 11 | -4 66 -> -64 1056
101842332555 -> 2549881915864165259 11 | -8 62 -> -128 992
102110701588 -> 26740224898213908 11 | -47 42 -> -752 672
102182393178 -> 483574112171300186 11 | 35 7 -> 560 112
102783086453 -> 329325825534553973 11 | -38 33 -> -608 528
102857403241 -> 69805897081645929 11 | -57 -45 -> -912 -720
102857403241 -> 214484035110923113 11 | -60 -44 -> -960 -704
102970213343 -> 1466484731632731103 11 | 16 41 -> 256 656
103437402060 -> 844987983522791372 11 | 52 32 -> 832 512
103437402060 -> 1452973933217808332 11 | 51 34 -> 816 544
103548627313 -> 2742410801640548721 11 | -38 33 -> -608 528
103625302190 -> 405042595111936174 11 | -36 45 -> -576 720
103635203867 -> 2533378425599771 11 | 17 52 -> 272 832
103634737522 -> 137641367246248306 11 | 59 0 -> 944 0
103634737522 -> 347340224895687026 11 | 59 -3 -> 944 -48
103690442566 -> 244601858452002630 11 | -3 74 -> -48 1184
103923177288 -> 257549707613427528 11 | 24 -36 -> 384 -576
104083025518 -> 1911215195948379758 11 | 59 -13 -> 944 -208
104100244531 -> 4847843627987872819 11 | 28 -53 -> 448 -848
104348488316 -> 2867667167076651644 11 | 44 -13 -> 704 -208
104348488316 -> 5022921063750144636 11 | 48 -13 -> 768 -208
104349008474 -> 129478593635910234 11 | -37 -37 -> -592 -592
104349008474 -> 441634342808027738 11 | -32 -35 -> -512 -560
104575565020 -> 160440841300638940 11 | 27 41 -> 432 656
104575565020 -> 199002913109998812 11 | 28 36 -> 448 576
104633511848 -> 116249270015012776 11 | 17 -47 -> 272 -752
104678415122 -> 197595538329295634 11 | -38 7 -> -608 112
104678415122 -> 414894220349922066 11 | -42 9 -> -672 144
104922365445 -> 714383595814010373 11 | -58 -1 -> -928 -16
104922365445 -> 1082552865351548421 11 | -57 -4 -> -912 -64
104927521660 -> 106960596077570940 11 | -25 -57 -> -400 -912
104927521660 -> 1687161115331193724 11 | -27 -57 -> -432 -912
104929520934 -> 245446284621212966 11 | 36 -52 -> 576 -832
105078413780 -> 9851729263286740 11 | -53 24 -> -848 384
105078413780 -> 126100894644787668 11 | -54 25 -> -864 400
105078413780 -> 684547248438729172 11 | -56 24 -> -896 384
105299135445 -> 51791501013896149 11 | 64 -23 -> 1024 -368
105426812907 -> 69805899651055595 11 | 20 36 -> 320 576
105426812907 -> 155655767547805675 11 | 21 37 -> 336 592
105602996189 -> 99360772381857757 11 | 8 44 -> 128 704
105602996189 -> 626563403760916445 11 | 8 42 -> 128 672
105759429475 -> 2849089820024689507 11 | 10 -63 -> 160 -1008
105763072562 -> 1407480646625842 11 | 44 -31 -> 704 -496
105763072562 -> 598978856203348530 11 | 44 -33 -> 704 -528
105851885716 -> 1178817308316113044 11 | 7 64 -> 112 1024
105851885716 -> 2205919498333296788 11 | 9 63 -> 144 1008
106001298192 -> 1126005908140816 11 | -58 20 -> -928 320
106001298192 -> 3659280698536720 11 | -54 20 -> -864 320
106005745942 -> 5348130563248406 11 | 44 14 -> 704 224
106005745942 -> 14355329817989398 11 | 45 15 -> 720 240
106005745942 -> 218424687933214998 11 | 42 13 -> 672 208
106022337749 -> 438819594714250453 11 | -24 -48 -> -384 -768
106022337749 -> 1555430827325422805 11 | -25 -49 -> -400 -784
106020923150 -> 1688955881187086 11 | -25 -35 -> -400 -560
106213119037 -> 58828376345646141 11 | 12 66 -> 192 1056
106213119037 -> 881016783317472317 11 | 11 66 -> 176 1056
106235997832 -> 141582019521457800 11 | 30 39 -> 480 624
106235997832 -> 316659455035485832 11 | 31 40 -> 496 640
106235997832 -> 2929873138817216136 11 | 28 38 -> 448 608
106251015205 -> 7599930622202917 11 | 22 -48 -> 352 -768
106251015205 -> 1412160064408376357 11 | 21 -49 -> 336 -784
106251015205 -> 3248502812468696101 11 | 17 -44 -> 272 -704
106373592393 -> 124693521056413001 11 | -3 50 -> -48 800
106373592393 -> 156218718448006473 11 | -5 51 -> -80 816
106636076958 -> 1955406769845004190 11 | -15 -51 -> -240 -816
107057230818 -> 9570256265393122 11 | -32 44 -> -512 704
107057230818 -> 95420124162143202 11 | -33 40 -> -528 640
107346781889 -> 34340054505481921 11 | 24 -31 -> 384 -496
107399114793 -> 23081055489388585 11 | -45 28 -> -720 448
107558113239 -> 2192971651110834135 11 | -58 21 -> -928 336
107590908562 -> 103301424043719314 11 | -48 28 -> -768 448
107631546281 -> 105553223898042281 11 | 21 -44 -> 336 -704
107757404000 -> 177610818061827936 11 | 36 57 -> 576 912
108343728331 -> 612771132642826443 11 | 53 -35 -> 848 -560
108472473257 -> 2100647859664098985 11 | 59 10 -> 944 160
108580714598 -> 300615383707695206 11 | 33 28 -> 528 448
108648387827 -> 12385007623656691 11 | -27 29 -> -432 464
108648387827 -> 1661546896171390195 11 | -29 25 -> -464 400
108661427636 -> 21955156844858804 11 | -28 50 -> -448 800
108661427636 -> 199565867149282740 11 | -30 47 -> -480 752
108661427636 -> 1706301417481424308 11 | -30 45 -> -480 720
108755811285 -> 1130966565179227093 11 | 41 13 -> 656 208
108755811285 -> 1830713357281917909 11 | 41 12 -> 656 192
109055988675 -> 337207131155354563 11 | -44 49 -> -704 784
109055988675 -> 364791678872998851 11 | -39 51 -> -624 816
109594338594 -> 169729520550864162 11 | 12 -59 -> 192 -944
109617167472 -> 137641373228678256 11 | -39 28 -> -624 448
109664149907 -> 383369027944063379 11 | -58 2 -> -928 32
109903528508 -> 213076667273495100 11 | -10 -49 -> -160 -784
110056501204 -> 98516351905230804 11 | 47 8 -> 752 128
110369680390 -> 281585346391046 11 | -39 -12 -> -624 -192
110383083912 -> 46162006563631496 11 | 3 -52 -> 48 -832
110383083912 -> 318911258996257160 11 | 2 -50 -> 32 -800
110393524993 -> 88664728057381633 11 | 36 -17 -> 576 -272
110393524993 -> 1230045758619091713 11 | 32 -18 -> 512 -288
110759986507 -> 42502832243295563 11 | -5 -38 -> -80 -608
110925178007 -> 814025743572395159 11 | -32 -33 -> -512 -528
111276074270 -> 1751337416369775902 11 | -47 43 -> -752 688
111334766722 -> 286541637626214530 11 | 38 -14 -> 608 -224
111355233931 -> 149744798965302923 11 | 53 44 -> 848 704
111449750904 -> 1263822756880596344 11 | 49 -19 -> 784 -304
111449750904 -> 4235354086014991736 11 | 50 -22 -> 800 -352
112121577639 -> 8444361422897319 11 | 37 52 -> 592 832
112172946388 -> 3285376040339723220 11 | -36 27 -> -576 432
112198212837 -> 170010998131449061 11 | 46 -24 -> 736 -384
112198212837 -> 4423942321159593189 11 | 45 -23 -> 720 -368
112198212837 -> 4970848200908397797 11 | 42 -25 -> 672 -400
112267964789 -> 931682285180236149 11 | 50 -16 -> 800 -256
112431537588 -> 633881759983934900 11 | -5 72 -> -80 1152
112836916990 -> 1128714769446647550 11 | 41 -17 -> 656 -272
112911406696 -> 2788854182160586344 11 | 68 20 -> 1088 320
113354014417 -> 10696162469019345 11 | 63 20 -> 1008 320
113354014417 -> 202943571562397393 11 | 60 17 -> 960 272
113411925226 -> 49539709313000682 11 | 62 38 -> 992 608
113548968522 -> 109493879489413706 11 | 48 -30 -> 768 -480
113672807364 -> 606297213507560388 11 | -18 -65 -> -288 -1040
113761488340 -> 2281636274978065876 11 | -34 -48 -> -544 -768
113781946044 -> 1057220126307169980 11 | -34 46 -> -544 736
113979437013 -> 23081062069710805 11 | -23 -34 -> -368 -544
113979437013 -> 4025655230895239125 11 | -24 -37 -> -384 -592
114008335535 -> 106397655204963503 11 | -41 46 -> -656 736
114129725114 -> 155655776250717882 11 | -7 68 -> -112 1088
114177903354 -> 523262095883012858 11 | 44 -40 -> 704 -640
114372237370 -> 297800639732111418 11 | -11 -55 -> -176 -880
114372237370 -> 3593028192083761210 11 | -7 -53 -> -112 -848
114773694336 -> 127226804246910848 11 | 43 0 -> 688 0
114927627550 -> 14918288693292318 11 | -32 -23 -> -512 -368
114971913293 -> 2564237152805989453 11 | -44 38 -> -704 608
115014522056 -> 146085627927352520 11 | -11 36 -> -176 576
115014522056 -> 3735173055964927176 11 | -10 35 -> -160 560
115019924953 -> 223209771551475161 11 | 47 5 -> 752 80
115073128571 -> 180425575144659067 11 | 1 47 -> 16 752
115175840355 -> 14073864011373155 11 | -13 55 -> -208 880
115175840355 -> 278097392165968483 11 | -11 56 -> -176 896
115260840388 -> 40251036930464196 11 | -2 -50 -> -32 -800
115260840388 -> 598415915747695044 11 | -3 -46 -> -48 -736
115583802637 -> 5240501231982796045 11 | -57 48 -> -912 768
115683909085 -> 52354461352091101 11 | 47 -39 -> 752 -624
115733958817 -> 36028912752922785 11 | 30 22 -> 480 352
115913810685 -> 5579960054225855229 11 | 36 -64 -> 576 -1024
115932533809 -> 116249281314034737 11 | 27 -61 -> 432 -976
115932533809 -> 298645066222539825 11 | 25 -60 -> 400 -960
116086260612 -> 152278078486725508 11 | -42 -27 -> -672 -432
116086260612 -> 1985806076779938692 11 | -41 -24 -> -656 -384
116144387225 -> 5066665725179033 11 | -51 1 -> -816 16
116211144749 -> 1726286148377597997 11 | 25 -30 -> 400 -480
116211144749 -> 5428526517052856365 11 | 25 -33 -> 400 -528
116270020574 -> 72620660261369822 11 | 46 -41 -> 736 -656
116270020574 -> 343681062833731550 11 | 41 -43 -> 656 -688
116278276435 -> 478226101709680979 11 | 24 -59 -> 384 -944
116301896704 -> 116301896704 11 | 50 25 -> 800 400
116301896704 -> 77687209874037760 11 | 49 20 -> 784 320
116301896704 -> 115123381776555008 11 | 51 18 -> 816 288
116351433360 -> 37717763230661264 11 | -49 2 -> -784 32
116351433360 -> 74309510203046544 11 | -47 6 -> -752 96
116458870565 -> 29554989013489445 11 | 19 -64 -> 304 -1024
116458870565 -> 84442609472067365 11 | 19 -59 -> 304 -944
116458870565 -> 96546033470625573 11 | 17 -60 -> 272 -960
116492251166 -> 202380624747212830 11 | 20 61 -> 320 976
116657983734 -> 2750573589074514166 11 | -36 -48 -> -576 -768
116931916028 -> 1331939706726740220 11 | -46 -24 -> -736 -384
117156015462 -> 684828735493041510 11 | 32 27 -> 512 432
117156015462 -> 1337287731508342118 11 | 31 25 -> 496 400
117264215772 -> 1676183603576172252 11 | -44 2 -> -704 32
117360898896 -> 1437774298398929744 11 | 61 6 -> 976 96
117360898896 -> 5599663304042689360 11 | 59 6 -> 944 96
117420938708 -> 20266315744105940 11 | -45 -28 -> -720 -448
117493008123 -> 66991161950144251 11 | -2 -50 -> -32 -800
117493008123 -> 95138659621209851 11 | -3 -50 -> -48 -800
117493008123 -> 124975007152539387 11 | -1 -52 -> -16 -832
117608395385 -> 7881416956293753 11 | -17 69 -> -272 1104
117617600373 -> 331577640182753141 11 | -3 -54 -> -48 -864
118106883501 -> 2068841196930205101 11 | -42 50 -> -672 800
118322273498 -> 32932690597420250 11 | 56 20 -> 896 320
118567757971 -> 133419257528608915 11 | -14 -42 -> -224 -672
118640209615 -> 865535672025476815 11 | -5 64 -> -80 1024
118649703830 -> 270216096291933590 11 | 5 -39 -> 80 -624
118649703830 -> 2091640670586588566 11 | 7 -45 -> 112 -720
118829255397 -> 1970443666229989 11 | -40 34 -> -640 544
119140808833 -> 979533038093891713 11 | 47 -1 -> 752 -16
119171868306 -> 140174657573774994 11 | 50 13 -> 800 208
119319970126 -> 316940943096168782 11 | 60 -11 -> 960 -176
119362631052 -> 43347265776072076 11 | 13 70 -> 208 1120
119362631052 -> 154248406600070540 11 | 17 70 -> 272 1120
119362631052 -> 1840002042120189324 11 | 13 72 -> 208 1152
119401666490 -> 1688969261930426 11 | 11 -50 -> 176 -800
119439791606 -> 151152181933413878 11 | 20 -43 -> 320 -688
119564640863 -> 2819253486298571359 11 | -39 -34 -> -624 -544
119637555891 -> 40251041307179699 11 | -30 -52 -> -480 -832
119692265577 -> 2422936719217592425 11 | 20 39 -> 320 624
119773837856 -> 47006440884517408 11 | -44 -40 -> -704 -640
119773837856 -> 93449812041775648 11 | -47 -40 -> -752 -640
119773837856 -> 1011902661048646176 11 | -49 -42 -> -784 -672
119875373330 -> 23925492895779090 11 | 52 -33 -> 832 -528
119875373330 -> 115123385350031634 11 | 56 -35 -> 896 -560
119875373330 -> 334392392207632658 11 | 54 -32 -> 864 -512
120014045363 -> 58265440193151155 11 | 52 40 -> 832 640
120014045363 -> 836543750798114995 11 | 56 41 -> 896 656
120022449352 -> 337207142121815240 11 | -32 51 -> -512 816
120022449352 -> 593630845905222856 11 | -31 49 -> -496 784
120167519628 -> 48413816161752460 11 | -23 47 -> -368 752
120167519628 -> 116249285549020556 11 | -29 45 -> -464 720
120205056990 -> 1883912139329477598 11 | 9 -59 -> 144 -944
120512387666 -> 365354640282819154 11 | 57 18 -> 912 288
120585575274 -> 2083759373174561642 11 | 25 -38 -> 400 -608
120627643311 -> 844545557775279 11 | -9 -65 -> -144 -1040
120681040312 -> 132856309688469944 11 | 51 54 -> 816 864
120788806649 -> 3510274555347397625 11 | 22 28 -> 352 448
121175057115 -> 2776469291448967899 11 | 13 -49 -> 208 -784
121168876754 -> 40251042838500562 11 | -39 -47 -> -624 -752
121289630987 -> 40813992912676107 11 | 51 41 -> 816 656
